Precision:	0.8256923201871764
Recall:		0.5488913463501914
F1:		0.6594220204001413