Precision:	0.8506836425715145
Recall:		0.5477455302068863
F1:		0.6664022346056945