Precision:	0.7293369398274643
Recall:		0.41106009024002627
F1:		0.5257840916739661